0 0.0078125 0.5114583333333333 0.015625 0.23958333333333334
1 0.5556640625 0.38229166666666664 0.392578125 0.48541666666666666
0 0.7734375 0.8895833333333333 0.1953125 0.22083333333333333
0 0.580078125 0.90625 0.1953125 0.1875
0 0.8203125 0.6052083333333333 0.1953125 0.22291666666666668
0 0.79296875 0.20416666666666666 0.18359375 0.19166666666666668
0 0.8837890625 0.09270833333333334 0.134765625 0.18541666666666667
0 0.7744140625 0.990625 0.205078125 0.01875
0 0.88671875 0.98125 0.14453125 0.0375
0 0.2607421875 0.7489583333333333 0.197265625 0.19375
0 0.26171875 0.975 0.15234375 0.05
0 0.1845703125 0.028125 0.197265625 0.05625
0 0.4892578125 0.013541666666666667 0.197265625 0.027083333333333334
0 0.1337890625 0.26458333333333334 0.197265625 0.19583333333333333
0 0.4580078125 0.7125 0.197265625 0.19583333333333333
0 0.0986328125 0.509375 0.162109375 0.23958333333333334
0 0.275390625 0.571875 0.1640625 0.23958333333333334
0 0.390625 0.8916666666666667 0.1796875 0.21666666666666667
0 0.365234375 0.08229166666666667 0.1953125 0.16458333333333333
0 0.2734375 0.30104166666666665 0.171875 0.20208333333333334
0 0.974609375 0.09166666666666666 0.05078125 0.18333333333333332