0 0.9150390625 0.052083333333333336 0.169921875 0.10416666666666667
0 0.9619140625 0.19791666666666666 0.076171875 0.2916666666666667
1 0.4599609375 0.440625 0.568359375 0.6270833333333333
0 0.52734375 0.9229166666666667 0.2734375 0.15416666666666667
0 0.7080078125 0.8822916666666667 0.271484375 0.23541666666666666
0 0.345703125 0.7791666666666667 0.2734375 0.29583333333333334
0 0.1708984375 0.421875 0.248046875 0.26458333333333334
0 0.072265625 0.18541666666666667 0.14453125 0.25833333333333336
0 0.0693359375 0.371875 0.138671875 0.24791666666666667
0 0.880859375 0.584375 0.23828125 0.27291666666666664
0 0.9638671875 0.8375 0.072265625 0.25
0 0.2890625 0.078125 0.26171875 0.15625
0 0.7578125 0.11875 0.26171875 0.2375
0 0.70703125 0.6645833333333333 0.26171875 0.275
0 0.8916015625 0.28958333333333336 0.216796875 0.2916666666666667
0 0.791015625 0.4427083333333333 0.25390625 0.29375
0 0.8583984375 0.7875 0.267578125 0.30416666666666664
0 0.4541015625 0.1 0.279296875 0.2
0 0.658203125 0.21145833333333333 0.2421875 0.26458333333333334
0 0.0283203125 0.08229166666666667 0.056640625 0.16458333333333333
1 0.0322265625 0.784375 0.064453125 0.43125
0 0.126953125 0.890625 0.25390625 0.21875
0 0.01171875 0.6010416666666667 0.0234375 0.26458333333333334
0 0.0126953125 0.44479166666666664 0.025390625 0.24791666666666667