1 0.6083984375 0.41875 0.462890625 0.42916666666666664
0 0.1240234375 0.20833333333333334 0.212890625 0.2125
0 0.1044921875 0.415625 0.208984375 0.21458333333333332
0 0.388671875 0.14583333333333334 0.21484375 0.2125
0 0.7666015625 0.16041666666666668 0.185546875 0.2
0 0.9736328125 0.13541666666666666 0.052734375 0.2125
0 0.876953125 0.065625 0.1953125 0.13125
0 0.021484375 0.215625 0.04296875 0.22291666666666668
0 0.0263671875 0.09479166666666666 0.052734375 0.16041666666666668
0 0.2783203125 0.7489583333333333 0.185546875 0.21458333333333332
0 0.0458984375 0.759375 0.091796875 0.16875
0 0.9638671875 0.7958333333333333 0.072265625 0.21666666666666667
0 0.9716796875 0.46979166666666666 0.056640625 0.21458333333333332
0 0.73828125 0.8635416666666667 0.1875 0.21458333333333332
0 0.3037109375 0.5364583333333334 0.189453125 0.21458333333333332
0 0.509765625 0.9114583333333334 0.2265625 0.17708333333333334
0 0.443359375 0.725 0.2265625 0.17916666666666667
0 0.12890625 0.6177083333333333 0.23046875 0.19791666666666666
0 0.91015625 0.6083333333333333 0.1796875 0.2125
0 0.697265625 0.7166666666666667 0.19140625 0.1875