0 0.853515625 0.9229166666666667 0.2734375 0.15416666666666667
0 0.931640625 0.9833333333333333 0.13671875 0.03333333333333333
1 0.412109375 0.5 0.58984375 0.6125
0 0.6904296875 0.0875 0.279296875 0.175
0 0.8232421875 0.18229166666666666 0.279296875 0.29375
0 0.4423828125 0.14375 0.279296875 0.2875
0 0.142578125 0.38645833333333335 0.25 0.26875
0 0.017578125 0.5333333333333333 0.03515625 0.2708333333333333
0 0.056640625 0.371875 0.11328125 0.23125
0 0.8330078125 0.034375 0.251953125 0.06875
0 0.861328125 0.5625 0.2578125 0.2791666666666667
0 0.98828125 0.39791666666666664 0.0234375 0.24166666666666667
0 0.2734375 0.9604166666666667 0.27734375 0.07916666666666666
0 0.111328125 0.8072916666666666 0.22265625 0.28125
0 0.5498046875 0.9010416666666666 0.259765625 0.19791666666666666
0 0.724609375 0.40625 0.2578125 0.2791666666666667
0 0.76171875 0.8385416666666666 0.2734375 0.27291666666666664
0 0.7138671875 0.6458333333333334 0.275390625 0.275
0 0.8837890625 0.3625 0.232421875 0.2916666666666667
0 0.251953125 0.8520833333333333 0.2890625 0.29583333333333334
0 0.5029296875 0.7958333333333333 0.251953125 0.2625
0 0.0361328125 0.8875 0.072265625 0.225
0 0.033203125 0.9697916666666667 0.06640625 0.06041666666666667
0 0.29296875 0.025 0.28125 0.05
0 0.044921875 0.11875 0.08984375 0.2375
0 0.01953125 0.253125 0.0390625 0.23125