0 0.8703125 0.09166666666666666 0.2 0.18333333333333332
0 0.69296875 0.051041666666666666 0.2171875 0.10208333333333333
0 0.0734375 0.021875 0.146875 0.04375
1 0.5515625 0.61875 0.4625 0.5875
0 0.13359375 0.5916666666666667 0.2171875 0.2833333333333333
0 0.18203125 0.39375 0.2171875 0.2833333333333333
0 0.3046875 0.76875 0.21875 0.2833333333333333
0 0.5828125 0.8979166666666667 0.19375 0.20416666666666666
0 0.76953125 0.9677083333333333 0.1890625 0.06458333333333334
0 0.63046875 0.9791666666666666 0.1859375 0.041666666666666664
0 0.0546875 0.509375 0.109375 0.27291666666666664
0 0.034375 0.621875 0.06875 0.22291666666666668
0 0.41484375 0.171875 0.1984375 0.27291666666666664
0 0.215625 0.07604166666666666 0.184375 0.15208333333333332
0 0.934375 0.46770833333333334 0.13125 0.28541666666666665
0 0.8765625 0.765625 0.2 0.27291666666666664
0 0.784375 0.27395833333333336 0.2 0.27291666666666664
0 0.3671875 0.375 0.2 0.275
0 0.634375 0.12916666666666668 0.215625 0.25833333333333336
0 0.52734375 0.26666666666666666 0.2171875 0.2625
0 0.26484375 0.22395833333333334 0.2234375 0.27708333333333335
0 0.8453125 0.5927083333333333 0.225 0.28958333333333336
0 0.70859375 0.3885416666666667 0.1953125 0.2520833333333333
0 0.953125 0.8520833333333333 0.09375 0.275
0 0.0546875 0.9010416666666666 0.109375 0.19791666666666666
0 0.20859375 0.940625 0.2171875 0.11875