0 0.01953125 0.2375 0.0390625 0.2791666666666667
0 0.2328125 0.034375 0.2125 0.06875
0 0.1453125 0.14791666666666667 0.209375 0.2916666666666667
0 0.0546875 0.11666666666666667 0.109375 0.23333333333333334
0 0.04453125 0.925 0.0890625 0.15
1 0.596875 0.453125 0.465625 0.6354166666666666
0 0.50078125 0.9229166666666667 0.2234375 0.15416666666666667
0 0.3640625 0.8729166666666667 0.221875 0.25416666666666665
0 0.66171875 0.803125 0.2234375 0.3020833333333333
0 0.82890625 0.4666666666666667 0.2015625 0.2708333333333333
0 0.9328125 0.24791666666666667 0.134375 0.26666666666666666
0 0.92734375 0.43020833333333336 0.1453125 0.24791666666666667
0 0.2421875 0.55 0.2125 0.2791666666666667
0 0.10546875 0.7864583333333334 0.1859375 0.2520833333333333
0 0.7640625 0.09583333333333334 0.2125 0.19166666666666668
0 0.384375 0.11145833333333334 0.2125 0.22291666666666668
0 0.38359375 0.65 0.2109375 0.2791666666666667
0 0.25 0.25416666666666665 0.209375 0.2916666666666667
0 0.33359375 0.4197916666666667 0.2109375 0.29375
0 0.253125 0.75625 0.221875 0.30416666666666664
0 0.63125 0.109375 0.228125 0.21875
0 0.45625 0.20416666666666666 0.2 0.2708333333333333
0 0.9734375 0.11979166666666667 0.053125 0.23958333333333334
0 0.8515625 0.01875 0.2125 0.0375
1 0.93515625 0.825 0.1296875 0.35
0 0.83203125 0.9125 0.2234375 0.175
0 0.96484375 0.671875 0.0703125 0.26875
0 0.96953125 0.515625 0.0609375 0.24791666666666667