0 0.1240234375 0.8885416666666667 0.248046875 0.22291666666666668
0 0.041015625 0.934375 0.08203125 0.13125
1 0.623046875 0.5239583333333333 0.59375 0.63125
0 0.4228515625 0.07916666666666666 0.283203125 0.15833333333333333
0 0.2685546875 0.14375 0.283203125 0.2875
0 0.6513671875 0.16354166666666667 0.283203125 0.3020833333333333
0 0.8896484375 0.46041666666666664 0.220703125 0.2708333333333333
0 0.9921875 0.646875 0.015625 0.27291666666666664
0 0.96875 0.471875 0.0625 0.24375
0 0.1708984375 0.5041666666666667 0.263671875 0.2833333333333333
0 0.0419921875 0.2989583333333333 0.083984375 0.2520833333333333
0 0.6689453125 0.9791666666666666 0.283203125 0.041666666666666664
0 0.8779296875 0.8708333333333333 0.244140625 0.25833333333333336
0 0.416015625 0.8958333333333334 0.265625 0.20833333333333334
0 0.330078125 0.375 0.265625 0.2833333333333333
0 0.224609375 0.79375 0.2734375 0.2875
0 0.302734375 0.6125 0.2734375 0.2875
0 0.15234375 0.296875 0.28515625 0.3020833333333333
0 0.7236328125 0.8729166666666667 0.291015625 0.25416666666666665
0 0.486328125 0.7989583333333333 0.25390625 0.26875
0 0.9443359375 0.9375 0.111328125 0.125
1 0.9365234375 0.1125 0.126953125 0.225
0 0.8349609375 0.05416666666666667 0.283203125 0.10833333333333334