0 0.982421875 0.9302083333333333 0.03515625 0.13958333333333334
0 0.94921875 0.7 0.1015625 0.2791666666666667
1 0.4619140625 0.3645833333333333 0.517578125 0.5916666666666667
0 0.1142578125 0.7697916666666667 0.228515625 0.27708333333333335
0 0.275390625 0.8645833333333334 0.25 0.2708333333333333
0 0.142578125 0.484375 0.25 0.27708333333333335
0 0.2919921875 0.11875 0.232421875 0.2375
0 0.2421875 0.04375 0.1875 0.0875
0 0.0849609375 0.9104166666666667 0.169921875 0.17916666666666667
0 0.0205078125 0.8875 0.041015625 0.225
0 0.6298828125 0.8125 0.244140625 0.25
0 0.9091796875 0.10833333333333334 0.181640625 0.21666666666666667
0 0.6611328125 0.041666666666666664 0.244140625 0.08333333333333333
0 0.8876953125 0.396875 0.224609375 0.2520833333333333
0 0.4541015625 0.7114583333333333 0.244140625 0.2520833333333333
0 0.8564453125 0.6416666666666667 0.224609375 0.2791666666666667
0 0.669921875 0.640625 0.2265625 0.28125
0 0.4609375 0.884375 0.2421875 0.23125
0 0.744140625 0.128125 0.25390625 0.25625
0 0.75390625 0.384375 0.22265625 0.24791666666666667
0 0.0078125 0.38958333333333334 0.015625 0.275
0 0.0537109375 0.06145833333333333 0.107421875 0.12291666666666666
0 0.1162109375 0.019791666666666666 0.189453125 0.03958333333333333