0 0.0484375 0.8895833333333333 0.096875 0.22083333333333333
0 0.2125 0.9020833333333333 0.21875 0.19583333333333333
0 0.09765625 0.953125 0.1953125 0.09375
0 0.0125 0.18020833333333333 0.025 0.24791666666666667
1 0.60234375 0.515625 0.4765625 0.6270833333333333
0 0.41953125 0.08229166666666667 0.2265625 0.16458333333333333
0 0.3015625 0.15208333333333332 0.225 0.3
0 0.6078125 0.15416666666666667 0.225 0.3
0 0.82578125 0.43333333333333335 0.2046875 0.2708333333333333
0 0.9484375 0.60625 0.103125 0.2708333333333333
0 0.925 0.434375 0.15 0.23958333333333334
0 0.3140625 0.019791666666666666 0.20625 0.03958333333333333
0 0.23984375 0.525 0.2109375 0.2833333333333333
0 0.08125 0.334375 0.1625 0.24791666666666667
0 0.66640625 0.9729166666666667 0.2265625 0.05416666666666667
0 0.83203125 0.8572916666666667 0.2109375 0.28541666666666665
0 0.45703125 0.8979166666666667 0.2109375 0.20416666666666666
0 0.36171875 0.3854166666666667 0.2109375 0.2833333333333333
0 0.296875 0.8104166666666667 0.21875 0.2833333333333333
0 0.35078125 0.625 0.2203125 0.2833333333333333
0 0.21640625 0.32083333333333336 0.2296875 0.3
0 0.70078125 0.865625 0.2328125 0.26875
0 0.50625 0.7989583333333333 0.203125 0.26875
0 0.91875 0.9197916666666667 0.1625 0.16041666666666668
1 0.8859375 0.08958333333333333 0.228125 0.17916666666666667
0 0.7453125 0.042708333333333334 0.225 0.08541666666666667
0 0.94375 0.17291666666666666 0.1125 0.2708333333333333
0 0.959375 0.3260416666666667 0.08125 0.23958333333333334