0 0.0984375 0.12083333333333333 0.196875 0.24166666666666667
0 0.2640625 0.06875 0.21875 0.1375
0 0.07890625 0.042708333333333334 0.1578125 0.08541666666666667
1 0.4578125 0.625 0.471875 0.6083333333333333
0 0.87109375 0.540625 0.2234375 0.29375
0 0.80703125 0.35 0.2234375 0.2916666666666667
0 0.7140625 0.7395833333333334 0.221875 0.2916666666666667
0 0.45 0.9010416666666666 0.2 0.19791666666666666
0 0.27421875 0.9833333333333333 0.1953125 0.03333333333333333
0 0.41328125 0.984375 0.1859375 0.03125
0 0.9421875 0.44166666666666665 0.115625 0.2791666666666667
0 0.96796875 0.5489583333333333 0.0640625 0.23125
0 0.55703125 0.16145833333333334 0.2046875 0.27708333333333335
0 0.7453125 0.059375 0.1875 0.11875
0 0.06640625 0.534375 0.1328125 0.29375
0 0.14375 0.8166666666666667 0.20625 0.2791666666666667
0 0.196875 0.3145833333333333 0.20625 0.2791666666666667
0 0.62109375 0.3572916666666667 0.2078125 0.28125
0 0.3359375 0.14895833333333333 0.21875 0.27291666666666664
0 0.45234375 0.271875 0.2203125 0.27291666666666664
0 0.7109375 0.19270833333333334 0.228125 0.28958333333333336
0 0.1625 0.640625 0.23125 0.29791666666666666
0 0.28203125 0.4197916666666667 0.1984375 0.2604166666666667
0 0.0625 0.890625 0.125 0.21875
0 0.959375 0.8625 0.08125 0.275
0 0.8296875 0.9166666666666666 0.221875 0.16666666666666666