0 0.97421875 0.7947916666666667 0.0515625 0.28125
0 0.7453125 0.971875 0.2125 0.05625
0 0.840625 0.8625 0.2125 0.275
0 0.93671875 0.8979166666666667 0.1265625 0.20416666666666666
0 0.96171875 0.08854166666666667 0.0765625 0.17708333333333334
1 0.4 0.5385416666666667 0.46875 0.6354166666666666
0 0.5140625 0.07708333333333334 0.225 0.15416666666666667
0 0.64765625 0.13125 0.2234375 0.2625
0 0.346875 0.18541666666666667 0.225 0.3
0 0.16875 0.5114583333333333 0.203125 0.27291666666666664
0 0.0625 0.721875 0.125 0.26875
0 0.071875 0.540625 0.14375 0.24791666666666667
0 0.7578125 0.4635416666666667 0.2125 0.28125
0 0.90234375 0.23541666666666666 0.1859375 0.25416666666666665
0 0.21953125 0.8947916666666667 0.2140625 0.21041666666666667
0 0.59921875 0.8895833333333333 0.2140625 0.22083333333333333
0 0.6203125 0.35520833333333335 0.2125 0.28125
0 0.7390625 0.7583333333333333 0.2125 0.2916666666666667
0 0.66171875 0.5885416666666666 0.2140625 0.29375
0 0.753125 0.25729166666666664 0.225 0.30625
0 0.35234375 0.8854166666666666 0.2296875 0.22916666666666666
0 0.53203125 0.7958333333333333 0.2015625 0.2708333333333333
0 0.01953125 0.8572916666666667 0.0390625 0.26875
0 0.1265625 0.96875 0.2125 0.0625
1 0.0734375 0.15625 0.146875 0.3125
0 0.1828125 0.07708333333333334 0.225 0.15416666666666667
0 0.0375 0.29375 0.075 0.2708333333333333
0 0.03125 0.45 0.0625 0.24583333333333332