0 0.96953125 0.9385416666666667 0.0609375 0.12291666666666666
0 0.79921875 0.9552083333333333 0.1828125 0.08958333333333333
0 0.6140625 0.9760416666666667 0.20625 0.04791666666666667
0 0.03359375 0.921875 0.0671875 0.15625
1 0.5671875 0.39375 0.43125 0.5291666666666667
0 0.15390625 0.3145833333333333 0.2015625 0.25833333333333336
0 0.17265625 0.5208333333333334 0.2015625 0.25833333333333336
0 0.34609375 0.18541666666666667 0.2015625 0.25833333333333336
0 0.6421875 0.11041666666666666 0.178125 0.22083333333333333
0 0.84609375 0.06666666666666667 0.1703125 0.13333333333333333
0 0.709375 0.034375 0.175 0.06875
0 0.0546875 0.3645833333333333 0.109375 0.25833333333333336
0 0.0453125 0.24583333333333332 0.090625 0.2
0 0.36953125 0.7989583333333333 0.1796875 0.2520833333333333
0 0.15390625 0.8822916666666667 0.1734375 0.21041666666666667
0 0.93203125 0.6510416666666666 0.1359375 0.2604166666666667
0 0.90859375 0.334375 0.1828125 0.2520833333333333
0 0.74765625 0.7927083333333333 0.1828125 0.2520833333333333
0 0.3515625 0.5875 0.18125 0.25416666666666665
0 0.578125 0.8916666666666667 0.20625 0.21666666666666667
0 0.49375 0.734375 0.20625 0.23125
0 0.2296875 0.709375 0.2125 0.24791666666666667
0 0.85234375 0.4947916666666667 0.2109375 0.2604166666666667
0 0.6890625 0.6604166666666667 0.18125 0.22916666666666666
0 0.94453125 0.042708333333333334 0.1109375 0.08541666666666667
0 0.978125 0.28125 0.04375 0.25416666666666665
0 0.08671875 0.03229166666666667 0.1734375 0.06458333333333334
0 0.28828125 0.019791666666666666 0.2015625 0.03958333333333333
0 0.0296875 0.09791666666666667 0.059375 0.19583333333333333