0 0.925 0.828125 0.15 0.22291666666666668
0 0.9296875 0.5802083333333333 0.140625 0.2604166666666667
0 0.9875 0.8114583333333333 0.025 0.22291666666666668
1 0.43046875 0.6020833333333333 0.3609375 0.5375
0 0.31796875 0.09479166666666666 0.1765625 0.18958333333333333
0 0.475 0.09479166666666666 0.178125 0.18958333333333333
0 0.246875 0.33645833333333336 0.178125 0.24791666666666667
0 0.221875 0.7385416666666667 0.165625 0.21875
0 0.1796875 0.9583333333333334 0.171875 0.08333333333333333
0 0.13515625 0.8427083333333333 0.1265625 0.22291666666666668
0 0.70625 0.28958333333333336 0.175 0.22083333333333333
0 0.74140625 0.051041666666666666 0.1421875 0.10208333333333333
0 0.67109375 0.9854166666666667 0.1796875 0.029166666666666667
0 0.428125 0.975 0.175 0.05
0 0.74921875 0.790625 0.1765625 0.22291666666666668
0 0.54609375 0.29270833333333335 0.1765625 0.22291666666666668
0 0.80625 0.553125 0.153125 0.2604166666666667
0 0.67265625 0.46145833333333336 0.1546875 0.2604166666666667
0 0.62265625 0.12395833333333334 0.1671875 0.24791666666666667
0 0.540625 0.9177083333333333 0.178125 0.16458333333333333
0 0.64296875 0.7291666666666666 0.1578125 0.225
0 0.05703125 0.065625 0.1140625 0.13125
0 0.06171875 0.2947916666666667 0.1234375 0.24791666666666667
0 0.0265625 0.6885416666666667 0.053125 0.21875
0 0.01796875 0.9354166666666667 0.0359375 0.12916666666666668
0 0.046875 0.821875 0.09375 0.22291666666666668