0 0.9296875 0.24791666666666667 0.140625 0.2833333333333333
0 0.81875 0.11979166666666667 0.215625 0.23958333333333334
0 0.88984375 0.03229166666666667 0.2171875 0.06458333333333334
0 0.96328125 0.12604166666666666 0.0734375 0.2520833333333333
0 0.02578125 0.14791666666666667 0.0515625 0.2791666666666667
1 0.51640625 0.6354166666666666 0.4734375 0.6333333333333333
0 0.13203125 0.415625 0.2265625 0.3020833333333333
0 0.22890625 0.253125 0.2265625 0.3020833333333333
0 0.24609375 0.6614583333333334 0.2265625 0.3020833333333333
0 0.46640625 0.9010416666666666 0.2046875 0.19791666666666666
0 0.4734375 0.9854166666666667 0.18125 0.029166666666666667
0 0.07265625 0.2833333333333333 0.1453125 0.2791666666666667
0 0.03515625 0.37395833333333334 0.0703125 0.24375
0 0.50625 0.153125 0.2125 0.28125
0 0.3546875 0.029166666666666667 0.1875 0.058333333333333334
0 0.92109375 0.6927083333333334 0.1578125 0.3020833333333333
0 0.784375 0.890625 0.2125 0.21875
0 0.82578125 0.42083333333333334 0.2140625 0.2833333333333333
0 0.4078125 0.32083333333333336 0.2125 0.2833333333333333
0 0.72265625 0.21354166666666666 0.2140625 0.28958333333333336
0 0.5859375 0.29375 0.215625 0.2916666666666667
0 0.35078125 0.14166666666666666 0.2265625 0.2833333333333333
0 0.79921875 0.7479166666666667 0.2328125 0.3125
0 0.72421875 0.49375 0.2015625 0.2708333333333333
0 0.978125 0.8520833333333333 0.04375 0.29583333333333334
0 0.8828125 0.9625 0.2125 0.075
0 0.95 0.9520833333333333 0.1 0.09583333333333334
0 0.0140625 0.684375 0.028125 0.3020833333333333
0 0.1015625 0.8520833333333333 0.203125 0.29583333333333334