0 0.9578125 0.9 0.084375 0.2
0 0.95234375 0.41458333333333336 0.0953125 0.2375
0 0.921875 0.64375 0.15625 0.2708333333333333
0 0.984375 0.75 0.03125 0.2708333333333333
1 0.4640625 0.36875 0.3875 0.5666666666666667
0 0.20859375 0.8104166666666667 0.1890625 0.2625
0 0.35390625 0.8791666666666667 0.1890625 0.24166666666666667
0 0.21953125 0.5229166666666667 0.1890625 0.2625
0 0.309375 0.13854166666666667 0.175 0.23125
0 0.25859375 0.05625 0.1390625 0.1125
0 0.17734375 0.9375 0.1890625 0.125
0 0.09140625 0.91875 0.1453125 0.1625
0 0.63203125 0.796875 0.1859375 0.23541666666666666
0 0.58046875 0.9875 0.1515625 0.025
0 0.8265625 0.08229166666666667 0.190625 0.16458333333333333
0 0.59140625 0.030208333333333334 0.1859375 0.06041666666666667
0 0.81328125 0.3541666666666667 0.1859375 0.2375
0 0.484375 0.7145833333333333 0.1875 0.2375
0 0.7984375 0.6020833333333333 0.165625 0.2708333333333333
0 0.65 0.6208333333333333 0.16875 0.2708333333333333
0 0.5046875 0.8885416666666667 0.18125 0.22291666666666668
0 0.66953125 0.1125 0.1921875 0.225
0 0.69765625 0.3572916666666667 0.1671875 0.23541666666666666
0 0.053125 0.4552083333333333 0.10625 0.26458333333333334
0 0.075 0.08645833333333333 0.15 0.17291666666666666
0 0.15546875 0.03958333333333333 0.1390625 0.07916666666666666
0 0.02578125 0.9 0.0515625 0.2