0 0.056640625 0.8302083333333333 0.11328125 0.29375
0 0.9697265625 0.9135416666666667 0.060546875 0.17291666666666666
1 0.439453125 0.36041666666666666 0.57421875 0.6291666666666667
0 0.8720703125 0.659375 0.255859375 0.29791666666666666
0 0.7373046875 0.7989583333333333 0.275390625 0.29791666666666666
0 0.7763671875 0.3927083333333333 0.275390625 0.29791666666666666
0 0.546875 0.103125 0.25 0.20625
0 0.5615234375 0.020833333333333332 0.216796875 0.041666666666666664
0 0.921875 0.809375 0.15625 0.26875
0 0.9765625 0.7333333333333333 0.046875 0.24166666666666667
0 0.380859375 0.8395833333333333 0.26171875 0.275
0 0.5341796875 0.98125 0.228515625 0.0375
0 0.0224609375 0.21145833333333333 0.044921875 0.29791666666666666
0 0.15234375 0.07916666666666666 0.26171875 0.15833333333333333
0 0.078125 0.5072916666666667 0.15625 0.27708333333333335
0 0.5263671875 0.6947916666666667 0.263671875 0.27708333333333335
0 0.125 0.7333333333333333 0.25 0.2916666666666667
0 0.302734375 0.6822916666666666 0.2578125 0.29375
0 0.568359375 0.8697916666666666 0.2734375 0.2604166666666667
0 0.1240234375 0.18958333333333333 0.248046875 0.30833333333333335
0 0.162109375 0.45625 0.24609375 0.26666666666666666
1 0.9072265625 0.103125 0.185546875 0.20625
0 0.9306640625 0.234375 0.138671875 0.29791666666666666