0 0.0888671875 0.8947916666666667 0.177734375 0.21041666666666667
0 0.0673828125 0.6677083333333333 0.134765625 0.27708333333333335
0 0.0107421875 0.8989583333333333 0.021484375 0.20208333333333334
1 0.6513671875 0.5875 0.505859375 0.5833333333333334
0 0.712890625 0.084375 0.24609375 0.16875
0 0.51953125 0.1 0.24609375 0.2
0 0.83984375 0.2864583333333333 0.24609375 0.27291666666666664
0 0.9072265625 0.6791666666666667 0.185546875 0.24166666666666667
0 0.9521484375 0.9166666666666666 0.095703125 0.16666666666666666
0 0.9794921875 0.7645833333333333 0.041015625 0.2375
0 0.2666015625 0.334375 0.240234375 0.24375
0 0.1806640625 0.08333333333333333 0.201171875 0.16666666666666666
0 0.7197265625 0.9583333333333334 0.240234375 0.08333333333333333
0 0.2841796875 0.8375 0.240234375 0.24583333333333332
0 0.4638671875 0.30416666666666664 0.240234375 0.24583333333333332
0 0.1806640625 0.615625 0.220703125 0.27708333333333335
0 0.3310546875 0.4979166666666667 0.220703125 0.2791666666666667
0 0.3447265625 0.14479166666666668 0.236328125 0.28541666666666665
0 0.568359375 0.9135416666666667 0.25 0.17291666666666666
0 0.4072265625 0.75625 0.216796875 0.24583333333333332
0 0.970703125 0.026041666666666668 0.05859375 0.052083333333333336
0 0.986328125 0.20208333333333334 0.02734375 0.2708333333333333