0 0.8193359375 0.9802083333333333 0.267578125 0.03958333333333333
0 0.9072265625 0.8760416666666667 0.185546875 0.24791666666666667
1 0.4169921875 0.53125 0.591796875 0.6333333333333333
0 0.5888671875 0.078125 0.283203125 0.15625
0 0.7509765625 0.13645833333333332 0.283203125 0.27291666666666664
0 0.3701171875 0.17395833333333333 0.283203125 0.3020833333333333
0 0.1318359375 0.4864583333333333 0.255859375 0.27291666666666664
0 0.0322265625 0.6854166666666667 0.064453125 0.2708333333333333
0 0.0498046875 0.50625 0.099609375 0.24583333333333332
0 0.8681640625 0.48333333333333334 0.263671875 0.2833333333333333
0 0.9716796875 0.2677083333333333 0.056640625 0.2520833333333333
0 0.4033203125 0.984375 0.283203125 0.03125
0 0.1708984375 0.8822916666666667 0.267578125 0.23541666666666666
0 0.6455078125 0.8927083333333333 0.267578125 0.21458333333333332
0 0.7021484375 0.3645833333333333 0.267578125 0.2833333333333333
0 0.830078125 0.7760416666666666 0.26953125 0.28958333333333336
0 0.7421875 0.6 0.26953125 0.2916666666666667
0 0.8662109375 0.27708333333333335 0.267578125 0.30416666666666664
0 0.3369140625 0.8791666666666667 0.291015625 0.24166666666666667
0 0.5693359375 0.7979166666666667 0.251953125 0.2708333333333333
0 0.08984375 0.953125 0.1796875 0.09375
1 0.0673828125 0.134375 0.134765625 0.26875
0 0.1748046875 0.06458333333333334 0.283203125 0.12916666666666668
0 0.013671875 0.253125 0.02734375 0.27291666666666664