0 0.02265625 0.078125 0.0453125 0.15625
0 0.18203125 0.05416666666666667 0.1859375 0.10833333333333334
0 0.365625 0.029166666666666667 0.209375 0.058333333333333334
0 0.95703125 0.06458333333333334 0.0859375 0.12916666666666668
1 0.434375 0.6072916666666667 0.440625 0.54375
0 0.85078125 0.6635416666666667 0.2046875 0.26458333333333334
0 0.825 0.45729166666666665 0.20625 0.26458333333333334
0 0.66171875 0.803125 0.2046875 0.26458333333333334
0 0.36953125 0.890625 0.1828125 0.21875
0 0.16875 0.940625 0.175 0.11875
0 0.30625 0.96875 0.178125 0.0625
0 0.9453125 0.60625 0.109375 0.2625
0 0.95703125 0.7239583333333334 0.0859375 0.20625
0 0.61875 0.19166666666666668 0.184375 0.25833333333333336
0 0.83125 0.10208333333333333 0.175 0.20416666666666666
0 0.06640625 0.375 0.1328125 0.26666666666666666
0 0.09609375 0.6875 0.1859375 0.25833333333333336
0 0.24140625 0.21875 0.1859375 0.25833333333333336
0 0.64375 0.40208333333333335 0.1875 0.25833333333333336
0 0.40625 0.11145833333333334 0.209375 0.22291666666666668
0 0.496875 0.2635416666666667 0.209375 0.23958333333333334
0 0.76171875 0.27291666666666664 0.2140625 0.25416666666666665
0 0.146875 0.5239583333333333 0.215625 0.26875
0 0.30390625 0.3489583333333333 0.1859375 0.23541666666666666
0 0.06484375 0.96875 0.1296875 0.0625
0 0.02578125 0.7479166666666667 0.0515625 0.25833333333333336
0 0.9203125 0.9520833333333333 0.159375 0.09583333333333334
0 0.72890625 0.9708333333333333 0.2046875 0.058333333333333334
0 0.975 0.8697916666666666 0.05 0.20625