0 0.0640625 0.07604166666666666 0.128125 0.15208333333333332
0 0.246875 0.07708333333333334 0.21875 0.15416666666666667
0 0.12734375 0.01875 0.2203125 0.0375
1 0.60234375 0.496875 0.4734375 0.6145833333333334
0 0.38359375 0.9125 0.2234375 0.175
0 0.27734375 0.81875 0.2234375 0.29583333333333334
0 0.58203125 0.8541666666666666 0.2234375 0.2916666666666667
0 0.81953125 0.6072916666666667 0.2015625 0.26875
0 0.95234375 0.45729166666666665 0.0953125 0.26875
0 0.921875 0.6208333333333333 0.15625 0.23333333333333334
0 0.27109375 0.9666666666666667 0.2015625 0.06666666666666667
0 0.24375 0.4395833333333333 0.20625 0.2791666666666667
0 0.07578125 0.6072916666666667 0.1515625 0.24375
0 0.71015625 0.036458333333333336 0.2234375 0.07291666666666667
0 0.85625 0.18645833333333334 0.209375 0.28125
0 0.4890625 0.09895833333333333 0.209375 0.19791666666666666
0 0.35390625 0.5927083333333333 0.2078125 0.28125
0 0.3203125 0.1625 0.21875 0.275
0 0.36015625 0.3541666666666667 0.2203125 0.275
0 0.2046875 0.6395833333333333 0.228125 0.2916666666666667
0 0.728125 0.14583333333333334 0.23125 0.2916666666666667
0 0.528125 0.20208333333333334 0.2 0.2625
0 0.9359375 0.10833333333333334 0.128125 0.21666666666666667
1 0.8625 0.9447916666666667 0.275 0.11041666666666666
0 0.703125 0.971875 0.225 0.05625
0 0.93125 0.8770833333333333 0.1375 0.24583333333333332
0 0.9515625 0.7375 0.096875 0.23333333333333334