0 0.98046875 0.24270833333333333 0.0390625 0.27708333333333335
0 0.76875 0.036458333333333336 0.2125 0.07291666666666667
0 0.8546875 0.15208333333333332 0.209375 0.2916666666666667
0 0.94609375 0.11875 0.1078125 0.2375
0 0.953125 0.928125 0.09375 0.14375
1 0.4015625 0.45208333333333334 0.465625 0.6333333333333333
0 0.49453125 0.9229166666666667 0.2234375 0.15416666666666667
0 0.63203125 0.8739583333333333 0.2234375 0.2520833333333333
0 0.334375 0.8020833333333334 0.221875 0.3
0 0.1703125 0.4635416666666667 0.203125 0.26875
0 0.0671875 0.24270833333333333 0.134375 0.26458333333333334
0 0.07265625 0.42604166666666665 0.1453125 0.24791666666666667
0 0.75546875 0.5520833333333334 0.2109375 0.2791666666666667
0 0.89140625 0.790625 0.1859375 0.2520833333333333
0 0.2375 0.09479166666666666 0.2125 0.18958333333333333
0 0.615625 0.1125 0.2125 0.225
0 0.6140625 0.6510416666666666 0.2125 0.28125
0 0.75 0.25625 0.209375 0.2916666666666667
0 0.665625 0.421875 0.209375 0.29375
0 0.74375 0.7583333333333333 0.221875 0.30416666666666664
0 0.36953125 0.10833333333333334 0.2296875 0.21666666666666667
0 0.54375 0.20520833333333333 0.2 0.26875
0 0.02734375 0.11666666666666667 0.0546875 0.23333333333333334
0 0.15 0.016666666666666666 0.2125 0.03333333333333333
1 0.0625 0.821875 0.125 0.35625
0 0.16328125 0.9114583333333334 0.2234375 0.17708333333333334
0 0.03359375 0.6666666666666666 0.0671875 0.2708333333333333
0 0.0296875 0.5114583333333333 0.059375 0.24791666666666667