1 0.584375 0.42083333333333334 0.365625 0.42083333333333334
0 0.2 0.20208333333333334 0.16875 0.20833333333333334
0 0.1796875 0.409375 0.16875 0.21041666666666667
0 0.4125 0.14375 0.16875 0.20833333333333334
0 0.7140625 0.16458333333333333 0.146875 0.19583333333333333
0 0.92890625 0.14479166666666668 0.1359375 0.21041666666666667
0 0.80390625 0.06770833333333333 0.1546875 0.13541666666666666
0 0.06640625 0.20625 0.1328125 0.22083333333333333
0 0.071875 0.08541666666666667 0.14375 0.15833333333333333
0 0.31640625 0.7447916666666666 0.1453125 0.21041666666666667
0 0.0921875 0.7510416666666667 0.146875 0.16458333333333333
0 0.91796875 0.8041666666666667 0.1640625 0.2125
0 0.9265625 0.4791666666666667 0.146875 0.2125
0 0.6828125 0.8677083333333333 0.146875 0.21041666666666667
0 0.33984375 0.5333333333333333 0.1484375 0.2125
0 0.49921875 0.9114583333333334 0.1796875 0.17291666666666666
0 0.44921875 0.7239583333333334 0.1796875 0.17708333333333334
0 0.1984375 0.6104166666666667 0.18125 0.19166666666666668
0 0.84140625 0.615625 0.1765625 0.21041666666666667
0 0.65234375 0.7197916666666667 0.1515625 0.18541666666666667