0 0.0296875 0.03125 0.059375 0.0625
0 0.053125 0.26875 0.10625 0.19583333333333333
0 0.06171875 0.5114583333333333 0.1234375 0.23958333333333334
1 0.5546875 0.38229166666666664 0.315625 0.48541666666666666
0 0.7296875 0.8885416666666667 0.15625 0.22291666666666668
0 0.57578125 0.9052083333333333 0.1578125 0.18958333333333333
0 0.76796875 0.6052083333333333 0.1578125 0.22291666666666668
0 0.74375 0.203125 0.146875 0.19375
0 0.81796875 0.09166666666666666 0.1078125 0.18333333333333332
0 0.73046875 0.9895833333333334 0.1640625 0.020833333333333332
0 0.82109375 0.98125 0.1171875 0.0375
0 0.31953125 0.7489583333333333 0.1578125 0.19375
0 0.32109375 0.975 0.1234375 0.05
0 0.25859375 0.029166666666666667 0.1578125 0.058333333333333334
0 0.50234375 0.013541666666666667 0.1578125 0.027083333333333334
0 0.21796875 0.26458333333333334 0.1578125 0.19583333333333333
0 0.47734375 0.7125 0.1578125 0.19583333333333333
0 0.18984375 0.509375 0.1296875 0.23958333333333334
0 0.33203125 0.571875 0.1328125 0.23958333333333334
0 0.42421875 0.8916666666666667 0.1453125 0.21666666666666667
0 0.40234375 0.08229166666666667 0.1578125 0.16458333333333333
0 0.3296875 0.30104166666666665 0.1375 0.20208333333333334
0 0.9734375 0.884375 0.053125 0.22291666666666668
0 0.9515625 0.6010416666666667 0.096875 0.22291666666666668
0 0.9625 0.19895833333333332 0.075 0.19375
0 0.92421875 0.09166666666666666 0.1078125 0.18333333333333332
0 0.93671875 0.9802083333333333 0.1171875 0.03958333333333333