1 0.5 0.38958333333333334 0.421875 0.5125
0 0.3232421875 0.8979166666666667 0.208984375 0.20416666666666666
0 0.5185546875 0.90625 0.208984375 0.1875
0 0.2529296875 0.6364583333333333 0.208984375 0.23541666666666666
0 0.25 0.23333333333333334 0.1953125 0.20416666666666666
0 0.2158203125 0.022916666666666665 0.205078125 0.04583333333333333
0 0.1484375 0.11979166666666667 0.1484375 0.21458333333333332
0 0.8232421875 0.728125 0.208984375 0.20625
0 0.8466796875 0.9614583333333333 0.166015625 0.07708333333333334
0 0.833984375 0.01875 0.2109375 0.0375
0 0.5283203125 0.017708333333333333 0.208984375 0.035416666666666666
0 0.9033203125 0.23229166666666667 0.193359375 0.21041666666666667
0 0.6240234375 0.709375 0.208984375 0.21041666666666667
0 0.9384765625 0.47291666666666665 0.123046875 0.25
0 0.7939453125 0.5520833333333334 0.177734375 0.25
0 0.7060546875 0.8833333333333333 0.193359375 0.23333333333333334
0 0.6630859375 0.08020833333333334 0.208984375 0.16041666666666668
0 0.7734375 0.28229166666666666 0.18359375 0.21458333333333332
0 0.0302734375 0.9135416666666667 0.060546875 0.17291666666666666
0 0.044921875 0.6583333333333333 0.08984375 0.2375
0 0.0146484375 0.259375 0.029296875 0.20625
0 0.044921875 0.13125 0.08984375 0.2125