0 0.03828125 0.13333333333333333 0.0765625 0.26666666666666666
0 0.18984375 0.11145833333333334 0.2171875 0.22291666666666668
0 0.08359375 0.06666666666666667 0.1671875 0.13333333333333333
0 0.02109375 0.86875 0.0421875 0.25
1 0.6015625 0.4739583333333333 0.475 0.63125
0 0.44453125 0.9197916666666667 0.2265625 0.16041666666666668
0 0.31953125 0.85625 0.2265625 0.2875
0 0.62578125 0.8322916666666667 0.2265625 0.3020833333333333
0 0.82890625 0.534375 0.2046875 0.27291666666666664
0 0.94453125 0.3458333333333333 0.1109375 0.2708333333333333
0 0.9265625 0.521875 0.146875 0.24375
0 0.23984375 0.496875 0.2109375 0.28125
0 0.0859375 0.703125 0.171875 0.2520833333333333
0 0.63515625 0.01875 0.2265625 0.0375
0 0.8125 0.12708333333333333 0.2125 0.25416666666666665
0 0.434375 0.103125 0.2125 0.20625
0 0.3671875 0.6239583333333333 0.2125 0.28541666666666665
0 0.28203125 0.20625 0.2171875 0.2875
0 0.34453125 0.38645833333333335 0.2171875 0.28958333333333336
0 0.2265625 0.703125 0.228125 0.3020833333333333
0 0.68046875 0.125 0.2328125 0.25
0 0.490625 0.19895833333333332 0.203125 0.26875
0 0.90546875 0.059375 0.1890625 0.11875
1 0.90234375 0.884375 0.1953125 0.23125
0 0.77421875 0.94375 0.2265625 0.1125
0 0.9515625 0.7791666666666667 0.096875 0.2708333333333333
0 0.96328125 0.6239583333333333 0.0734375 0.24375