0 0.1083984375 0.9229166666666667 0.216796875 0.15416666666666667
0 0.0341796875 0.9822916666666667 0.068359375 0.035416666666666666
1 0.5234375 0.5 0.58984375 0.6125
0 0.2470703125 0.0875 0.279296875 0.175
0 0.126953125 0.18020833333333333 0.25390625 0.29375
0 0.4951171875 0.14375 0.279296875 0.2875
0 0.79296875 0.3885416666666667 0.25 0.26875
0 0.9501953125 0.5375 0.099609375 0.2708333333333333
0 0.9111328125 0.37395833333333334 0.177734375 0.23125
0 0.1162109375 0.03333333333333333 0.232421875 0.06666666666666667
0 0.1015625 0.5604166666666667 0.203125 0.2791666666666667
0 0.6591796875 0.9614583333333333 0.279296875 0.07708333333333334
0 0.8408203125 0.809375 0.259765625 0.28125
0 0.3837890625 0.9 0.259765625 0.2
0 0.2119140625 0.40520833333333334 0.259765625 0.28125
0 0.171875 0.8375 0.2734375 0.275
0 0.2216796875 0.6447916666666667 0.275390625 0.27708333333333335
0 0.083984375 0.36041666666666666 0.16796875 0.2916666666666667
0 0.681640625 0.853125 0.2890625 0.29375
0 0.431640625 0.7958333333333333 0.25 0.2625
0 0.9306640625 0.8885416666666667 0.138671875 0.22291666666666668
1 0.8369140625 0.052083333333333336 0.326171875 0.10416666666666667
0 0.6455078125 0.026041666666666668 0.279296875 0.052083333333333336
0 0.9228515625 0.12083333333333333 0.154296875 0.24166666666666667
0 0.9482421875 0.25729166666666664 0.103515625 0.23125