0 0.8564453125 0.9104166666666667 0.248046875 0.17916666666666667
0 0.6337890625 0.95 0.271484375 0.1
1 0.4638671875 0.37916666666666665 0.576171875 0.5833333333333334
0 0.0380859375 0.39895833333333336 0.076171875 0.28125
0 0.0673828125 0.5989583333333334 0.134765625 0.28125
0 0.1572265625 0.22604166666666667 0.271484375 0.28125
0 0.5068359375 0.10208333333333333 0.240234375 0.20416666666666666
0 0.7421875 0.03333333333333333 0.234375 0.06666666666666667
0 0.568359375 0.020833333333333332 0.23046875 0.041666666666666664
0 0.2880859375 0.825 0.248046875 0.2708333333333333
0 0.076171875 0.9208333333333333 0.15234375 0.15833333333333333
0 0.9296875 0.5375 0.140625 0.2833333333333333
0 0.873046875 0.23958333333333334 0.25 0.2708333333333333
0 0.751953125 0.7291666666666666 0.25 0.2708333333333333
0 0.23046875 0.6208333333333333 0.25 0.2708333333333333
0 0.5625 0.871875 0.26953125 0.25625
0 0.4306640625 0.73125 0.271484375 0.25833333333333336
0 0.1201171875 0.7708333333333334 0.240234375 0.275
0 0.8310546875 0.41041666666666665 0.283203125 0.2875
0 0.658203125 0.6125 0.2421875 0.25
0 0.9560546875 0.15416666666666667 0.087890625 0.2708333333333333
0 0.087890625 0.05520833333333333 0.17578125 0.11041666666666666