0 0.24609375 0.041666666666666664 0.265625 0.08333333333333333
1 0.5888671875 0.525 0.564453125 0.5666666666666667
0 0.228515625 0.8958333333333334 0.265625 0.20833333333333334
0 0.130859375 0.75 0.26171875 0.275
0 0.494140625 0.8666666666666667 0.265625 0.26666666666666666
0 0.8330078125 0.6927083333333334 0.236328125 0.2520833333333333
0 0.986328125 0.5979166666666667 0.02734375 0.25833333333333336
0 0.9296875 0.7375 0.140625 0.20833333333333334
0 0.09375 0.93125 0.1875 0.1375
0 0.1611328125 0.3697916666666667 0.240234375 0.26458333333333334
0 0.8310546875 0.06666666666666667 0.263671875 0.13333333333333333
0 0.9189453125 0.2916666666666667 0.162109375 0.26666666666666666
0 0.53515625 0.09791666666666667 0.2421875 0.19583333333333333
0 0.265625 0.5520833333333334 0.2421875 0.26666666666666666
0 0.30859375 0.121875 0.265625 0.24375
0 0.3212890625 0.31875 0.267578125 0.25
0 0.1064453125 0.55625 0.212890625 0.26666666666666666
0 0.8115234375 0.21041666666666667 0.275390625 0.2791666666666667
0 0.5546875 0.215625 0.23828125 0.24375
0 0.9453125 0.025 0.109375 0.05
0 0.91796875 0.940625 0.1640625 0.11875
0 0.955078125 0.86875 0.08984375 0.20833333333333334