0 0.97265625 0.134375 0.0546875 0.26875
0 0.8037109375 0.1125 0.271484375 0.225
0 0.9169921875 0.06770833333333333 0.166015625 0.13541666666666666
0 0.9931640625 0.871875 0.013671875 0.2520833333333333
1 0.29296875 0.47291666666666665 0.5859375 0.6333333333333333
0 0.4833984375 0.9197916666666667 0.283203125 0.16041666666666668
0 0.6396484375 0.85625 0.283203125 0.2875
0 0.2587890625 0.8322916666666667 0.283203125 0.3020833333333333
0 0.06640625 0.5322916666666667 0.1328125 0.27291666666666664
0 0.7421875 0.4979166666666667 0.265625 0.2833333333333333
0 0.9130859375 0.7052083333333333 0.173828125 0.2520833333333333
0 0.2490234375 0.01875 0.283203125 0.0375
0 0.080078125 0.12604166666666666 0.16015625 0.2520833333333333
0 0.5 0.10416666666666667 0.265625 0.20833333333333334
0 0.5810546875 0.625 0.267578125 0.2833333333333333
0 0.6904296875 0.20729166666666668 0.271484375 0.28958333333333336
0 0.611328125 0.3875 0.2734375 0.2875
0 0.7578125 0.7041666666666667 0.28515625 0.30416666666666664
0 0.1923828125 0.125 0.291015625 0.25
0 0.4287109375 0.19895833333333332 0.251953125 0.26875
0 0.0146484375 0.058333333333333334 0.029296875 0.11666666666666667
1 0.0166015625 0.8822916666666667 0.033203125 0.23541666666666666
0 0.1064453125 0.9427083333333334 0.212890625 0.11458333333333333