0 0.08046875 0.8114583333333333 0.1609375 0.28541666666666665
0 0.2109375 0.9010416666666666 0.21875 0.19791666666666666
0 0.0515625 0.9072916666666667 0.103125 0.18541666666666667
0 0.9859375 0.7739583333333333 0.028125 0.28125
1 0.471875 0.3645833333333333 0.475 0.6291666666666667
0 0.87109375 0.5322916666666667 0.2265625 0.3020833333333333
0 0.78671875 0.7072916666666667 0.2265625 0.3020833333333333
0 0.73828125 0.30416666666666664 0.2265625 0.3
0 0.49921875 0.096875 0.2046875 0.19375
0 0.4796875 0.0125 0.184375 0.025
0 0.934375 0.653125 0.13125 0.28125
0 0.9671875 0.5541666666666667 0.065625 0.24166666666666667
0 0.51875 0.84375 0.2125 0.2833333333333333
0 0.6859375 0.959375 0.190625 0.08125
0 0.071875 0.36770833333333336 0.14375 0.3020833333333333
0 0.184375 0.128125 0.2125 0.25625
0 0.1796875 0.6208333333333333 0.2125 0.2833333333333333
0 0.60390625 0.6635416666666667 0.2109375 0.28541666666666665
0 0.2984375 0.8125 0.21875 0.2833333333333333
0 0.428125 0.7135416666666666 0.21875 0.28541666666666665
0 0.6734375 0.84375 0.228125 0.3
0 0.18203125 0.2916666666666667 0.2328125 0.30833333333333335
0 0.27578125 0.534375 0.2015625 0.26875
0 0.090625 0.06458333333333334 0.18125 0.12916666666666668
0 0.0296875 0.08229166666666667 0.059375 0.16458333333333333
0 0.9765625 0.23645833333333333 0.046875 0.3020833333333333
0 0.88046875 0.11979166666666667 0.2265625 0.23958333333333334